image: new_ofc_map_2.pgm
resolution: 0.100000
origin: [-23.400000, -20.200000, 0.000000]
negate: 0
occupied_thresh: 0.65
free_thresh: 0.196

